,租金,房型,格局,坪數,樓層,分區
0,8000,獨立套房,1,7.0,5,淡海
1,15000,獨立套房,1,8.0,3,淡海
2,4500,獨立套房,1,5.0,2,淡海
3,11500,獨立套房,1,9.0,4,淡海
4,5500,獨立套房,1,5.0,1,淡海
5,9500,分租套房,1,5.0,4,淡海
6,19800,獨立套房,1,19.2,18,淡海
7,8000,分租套房,1,6.0,5,淡海
8,9500,分租套房,1,5.0,4,淡海
9,19800,獨立套房,1,19.2,18,淡海
10,21000,獨立套房,1,26.0,22,淡海
11,8300,分租套房,1,6.0,5,淡海
12,2300,雅房,1,5.0,5,淡海
13,6500,分租套房,1,6.0,2,淡海
14,4000,分租套房,1,5.0,5,淡海
15,5500,獨立套房,1,5.0,5,淡海
16,8500,獨立套房,1,8.0,5,淡海
17,8000,獨立套房,1,7.0,B1,淡海
18,5500,獨立套房,1,6.0,4,淡海
19,7500,獨立套房,1,9.0,5,淡海
20,6500,分租套房,1,8.0,2,淡海
21,25000,整層住家,2,27.0,4,淡海
22,19500,整層住家,3,26.0,3,淡海
23,15000,整層住家,2,18.0,24,淡海
24,22000,整層住家,2,38.0,2,淡海
25,13000,整層住家,2,20.0,3,淡海
27,14000,整層住家,1,13.8,27,淡海
28,18000,整層住家,1,28.8,6,淡海
29,26000,整層住家,2,27.4,10,淡海
30,8900,獨立套房,1,10.0,2,淡海
31,11500,分租套房,1,13.0,9,淡海
32,20000,整層住家,2,38.1,8,淡海
33,12800,獨立套房,1,8.0,4,三蘆新莊
34,12800,獨立套房,1,8.0,4,三蘆新莊
35,11000,獨立套房,1,10.0,2,三蘆新莊
36,13999,獨立套房,1,7.0,5,三蘆新莊
37,16800,獨立套房,1,9.0,1,三蘆新莊
38,13500,獨立套房,1,7.0,4,三蘆新莊
39,13000,獨立套房,1,8.0,4,三蘆新莊
40,15000,分租套房,1,8.0,3,三蘆新莊
41,13000,獨立套房,1,8.0,5,三蘆新莊
42,11000,分租套房,1,10.0,5,三蘆新莊
43,12500,獨立套房,1,9.0,3,三蘆新莊
44,13000,分租套房,1,6.0,4,三蘆新莊
45,7800,獨立套房,1,8.0,4,三蘆新莊
46,10000,獨立套房,1,6.0,4,三蘆新莊
47,13500,獨立套房,1,9.0,3,三蘆新莊
48,22000,獨立套房,1,8.5,4,三蘆新莊
49,11000,分租套房,1,7.0,3,三蘆新莊
50,19500,獨立套房,1,16.9,13,三蘆新莊
51,8000,獨立套房,1,4.0,4,三蘆新莊
52,12000,獨立套房,1,8.0,4,三蘆新莊
53,12000,獨立套房,1,8.0,2,三蘆新莊
54,7800,獨立套房,1,8.0,4,三蘆新莊
55,10000,獨立套房,1,6.0,4,三蘆新莊
56,10000,獨立套房,1,6.0,4,三蘆新莊
57,13500,獨立套房,1,9.0,3,三蘆新莊
58,22000,獨立套房,1,8.5,4,三蘆新莊
59,9000,獨立套房,1,8.0,5,三蘆新莊
60,10000,獨立套房,1,8.0,2,三蘆新莊
61,13000,獨立套房,1,8.0,4,三蘆新莊
62,15800,獨立套房,1,15.0,4,三蘆新莊
63,9500,獨立套房,1,8.0,4,三蘆新莊
64,12000,分租套房,1,12.0,2,三蘆新莊
65,9500,獨立套房,1,6.0,6,三蘆新莊
66,6900,獨立套房,1,5.0,4,三蘆新莊
67,11000,分租套房,1,7.0,3,三蘆新莊
68,11000,分租套房,1,7.0,2,三蘆新莊
69,13500,分租套房,1,13.0,4,三蘆新莊
70,14800,獨立套房,1,12.0,2,三蘆新莊
71,19000,獨立套房,1,12.0,2,三蘆新莊
72,12800,獨立套房,1,8.0,7,三蘆新莊
73,18500,獨立套房,1,14.0,2,三蘆新莊
74,10000,獨立套房,1,8.0,4,三蘆新莊
75,12000,獨立套房,1,8.0,4,三蘆新莊
76,9000,獨立套房,1,6.0,2,三蘆新莊
77,13000,分租套房,1,10.0,1,三蘆新莊
78,19000,獨立套房,1,14.1,16,三蘆新莊
79,13950,獨立套房,1,10.0,4,三蘆新莊
80,7800,分租套房,1,5.0,2,三蘆新莊
81,9800,分租套房,1,6.5,3,三蘆新莊
82,8500,獨立套房,1,10.0,5,三蘆新莊
83,12000,獨立套房,1,14.0,5,三蘆新莊
84,15000,獨立套房,1,10.0,頂樓加蓋,三蘆新莊
85,8000,獨立套房,1,6.0,頂樓加蓋,三蘆新莊
86,9000,獨立套房,1,6.0,4,三蘆新莊
87,10000,分租套房,1,7.0,3,三蘆新莊
88,14000,獨立套房,1,12.0,1,三蘆新莊
89,8000,分租套房,1,5.5,3,三蘆新莊
90,7300,分租套房,1,6.0,5,三蘆新莊
91,7000,獨立套房,1,6.0,3,三蘆新莊
92,12000,獨立套房,1,6.0,3,三蘆新莊
93,8888,獨立套房,1,8.0,4,三蘆新莊
94,8500,獨立套房,1,7.0,6,三蘆新莊
95,8300,獨立套房,1,6.0,5,三蘆新莊
96,41000,整層住家,3,39.0,12,三蘆新莊
97,25000,整層住家,3,33.0,3,三蘆新莊
98,28000,整層住家,3,42.0,4,三蘆新莊
99,23800,整層住家,2,20.0,2,三蘆新莊
100,19800,整層住家,2,16.0,5,三蘆新莊
101,32000,整層住家,3,33.0,5,三蘆新莊
102,46000,整層住家,3,41.0,12,三蘆新莊
103,22000,整層住家,3,22.0,5,三蘆新莊
104,14500,整層住家,1,15.0,5,三蘆新莊
105,16000,整層住家,2,22.0,4,三蘆新莊
106,24800,整層住家,2,24.0,4,三蘆新莊
107,21000,整層住家,2,15.0,頂樓加蓋,三蘆新莊
108,26000,整層住家,1,24.0,8,三蘆新莊
109,16000,整層住家,2,22.0,4,三蘆新莊
110,19800,整層住家,2,23.0,4,三蘆新莊
111,49800,整層住家,3,31.4,14,三蘆新莊
112,27000,整層住家,2,16.2,12,三蘆新莊
113,19800,整層住家,2,17.0,頂樓加蓋,三蘆新莊
114,26000,整層住家,4,32.0,2,三蘆新莊
115,28000,整層住家,4,30.0,2,三蘆新莊
116,50000,整層住家,3,45.7,17,三蘆新莊
117,24800,整層住家,2,15.0,3,三蘆新莊
118,25000,整層住家,3,23.3,1,三蘆新莊
119,18000,整層住家,2,15.0,1,三蘆新莊
120,20000,整層住家,3,36.8,5,三蘆新莊
121,15500,獨立套房,1,7.0,3,三蘆新莊
122,12800,獨立套房,1,10.0,5,三蘆新莊
123,14500,獨立套房,1,10.0,5,三蘆新莊
124,6500,雅房,1,7.0,5,三蘆新莊
125,12500,獨立套房,1,12.0,5,三蘆新莊
126,11888,獨立套房,1,8.0,5,三蘆新莊
127,12500,獨立套房,1,12.0,5,三蘆新莊
128,12000,分租套房,1,10.0,4,三蘆新莊
129,11000,獨立套房,1,13.0,5,三蘆新莊
130,8500,獨立套房,1,6.0,4,三蘆新莊
131,12500,獨立套房,1,12.0,5,三蘆新莊
132,12000,分租套房,1,10.0,4,三蘆新莊
133,11000,獨立套房,1,13.0,5,三蘆新莊
134,8500,獨立套房,1,6.0,4,三蘆新莊
135,6000,雅房,1,8.0,5,三蘆新莊
136,8000,雅房,1,8.0,5,三蘆新莊
137,9500,分租套房,1,5.0,3,三蘆新莊
138,11000,獨立套房,1,9.0,頂樓加蓋,三蘆新莊
139,14500,獨立套房,1,10.0,12,三蘆新莊
140,9999,獨立套房,1,8.0,4,三蘆新莊
141,15000,獨立套房,1,16.0,3,三蘆新莊
142,7000,獨立套房,1,8.0,頂樓加蓋,三蘆新莊
143,12000,分租套房,1,8.0,3,三蘆新莊
144,8800,分租套房,1,8.0,5,三蘆新莊
145,8500,分租套房,1,8.0,5,三蘆新莊
146,8900,獨立套房,1,8.0,4,三蘆新莊
147,9800,獨立套房,1,7.0,3,三蘆新莊
148,10000,獨立套房,1,8.0,4,三蘆新莊
149,11000,獨立套房,1,10.0,4,三蘆新莊
150,23800,整層住家,3,25.0,頂樓加蓋,三蘆新莊
152,35000,整層住家,3,46.4,8,三蘆新莊
153,25000,整層住家,1,21.7,10,三蘆新莊
154,26666,整層住家,3,23.0,5,三蘆新莊
156,23000,整層住家,2,25.0,頂樓加蓋,三蘆新莊
157,17000,整層住家,1,15.0,4,三蘆新莊
158,31000,整層住家,4,24.2,2,三蘆新莊
159,3400,雅房,1,5.0,5,三蘆新莊
160,5500,雅房,1,8.0,9,三蘆新莊
161,14000,分租套房,1,20.0,4,三蘆新莊
162,9000,分租套房,1,7.0,4,三蘆新莊
163,7000,分租套房,1,6.0,2,三蘆新莊
164,5500,獨立套房,1,6.0,3,三蘆新莊
165,14000,獨立套房,1,6.0,10,三蘆新莊
166,10000,獨立套房,1,6.2,4,三蘆新莊
167,7000,獨立套房,1,4.0,2,三蘆新莊
168,9000,雅房,1,6.5,2,三蘆新莊
169,14000,獨立套房,1,6.0,10,三蘆新莊
170,10000,獨立套房,1,6.2,4,三蘆新莊
171,10000,獨立套房,1,6.2,4,三蘆新莊
172,7000,獨立套房,1,4.0,2,三蘆新莊
173,7500,分租套房,1,4.5,5,三蘆新莊
174,13000,獨立套房,1,8.0,3,三蘆新莊
175,12888,獨立套房,1,8.0,5,三蘆新莊
176,16888,獨立套房,1,10.0,5,三蘆新莊
177,8800,獨立套房,1,10.0,3,三蘆新莊
178,8800,獨立套房,1,10.0,3,三蘆新莊
179,16000,獨立套房,1,12.0,5,三蘆新莊
180,15000,獨立套房,1,13.8,13,三蘆新莊
181,13500,獨立套房,1,8.0,2,三蘆新莊
182,5000,分租套房,1,6.0,2,三蘆新莊
183,11500,獨立套房,1,8.0,2,三蘆新莊
184,11000,分租套房,1,11.0,4,三蘆新莊
185,6000,分租套房,1,5.5,3,三蘆新莊
186,5000,雅房,1,4.0,2,三蘆新莊
187,40000,整層住家,3,42.0,2,三蘆新莊
189,20000,整層住家,1,12.0,4,三蘆新莊
191,40000,整層住家,2,30.0,4,三蘆新莊
192,16500,整層住家,3,25.7,4,三蘆新莊
193,28000,整層住家,2,33.6,13,三蘆新莊
194,18500,整層住家,1,15.0,1,三蘆新莊
195,33000,整層住家,2,22.5,2,三蘆新莊
196,30000,整層住家,2,34.0,15,三蘆新莊
199,35000,整層住家,2,41.6,15,三蘆新莊
200,30000,整層住家,2,34.0,15,三蘆新莊
204,45000,整層住家,3,48.5,15,三蘆新莊
205,38000,整層住家,3,38.0,6,三蘆新莊
206,26000,整層住家,4,36.0,8,三蘆新莊
208,27500,整層住家,3,25.0,5,三蘆新莊
209,35000,整層住家,3,50.7,7,三蘆新莊
210,29000,整層住家,5,38.0,7,三蘆新莊
211,26000,整層住家,3,38.0,3,三蘆新莊
212,19000,獨立套房,1,7.0,10,五股泰山
213,30000,整層住家,3,33.8,10,五股泰山
214,33000,整層住家,3,19.9,12,五股泰山
215,19000,整層住家,2,20.0,2,五股泰山
216,16500,整層住家,2,17.0,4,五股泰山
217,7700,分租套房,1,5.0,1,五股泰山
218,16000,獨立套房,1,9.5,頂樓加蓋,板中永和
219,9000,獨立套房,1,8.0,6,板中永和
220,16000,獨立套房,1,8.7,7,板中永和
221,16000,獨立套房,1,8.7,7,板中永和
222,26000,獨立套房,1,17.0,19,板中永和
223,8200,獨立套房,1,8.0,2,板中永和
224,13800,獨立套房,1,8.0,4,板中永和
225,12000,獨立套房,1,8.0,2,板中永和
226,14800,獨立套房,1,8.0,5,板中永和
227,12800,分租套房,1,6.0,3,板中永和
228,14800,獨立套房,1,10.0,5,板中永和
229,10000,分租套房,1,7.0,5,板中永和
230,10000,分租套房,1,7.0,5,板中永和
231,15000,分租套房,1,13.0,3,板中永和
232,8000,獨立套房,1,7.0,3,板中永和
233,11800,獨立套房,1,9.0,4,板中永和
234,15000,獨立套房,1,10.0,2,板中永和
235,12500,獨立套房,1,7.0,2,板中永和
236,9500,獨立套房,1,6.0,5,板中永和
237,16800,獨立套房,1,10.0,5,板中永和
238,27000,獨立套房,1,13.6,12,板中永和
239,12500,分租套房,1,7.0,4,板中永和
240,10000,分租套房,1,6.0,2,板中永和
241,11000,分租套房,1,8.0,5,板中永和
242,13500,獨立套房,1,6.0,2,板中永和
243,13000,分租套房,1,7.0,4,板中永和
244,16888,獨立套房,1,9.0,5,板中永和
245,16888,獨立套房,1,9.0,5,板中永和
246,17500,分租套房,1,10.0,1,板中永和
247,18000,獨立套房,1,9.0,1,板中永和
248,18888,獨立套房,1,8.0,3,板中永和
249,18888,獨立套房,1,8.0,3,板中永和
250,6500,雅房,1,3.5,5,板中永和
251,13000,分租套房,1,9.0,6,板中永和
252,18800,獨立套房,1,20.0,2,板中永和
253,17500,獨立套房,1,11.0,6,板中永和
254,7800,獨立套房,1,8.0,4,板中永和
255,7500,分租套房,1,5.0,4,板中永和
256,17800,獨立套房,1,10.0,4,板中永和
257,17888,獨立套房,1,11.0,4,板中永和
258,25000,獨立套房,1,14.0,4,板中永和
259,14800,獨立套房,1,8.0,5,板中永和
260,12000,獨立套房,1,8.0,5,板中永和
261,8800,獨立套房,1,8.0,4,板中永和
262,8500,分租套房,1,5.0,3,板中永和
263,11000,分租套房,1,8.0,5,板中永和
264,7000,獨立套房,1,6.0,4,板中永和
265,13000,獨立套房,1,9.0,1,板中永和
266,17800,獨立套房,1,10.0,4,板中永和
267,14800,獨立套房,1,8.0,5,板中永和
268,12000,獨立套房,1,8.0,5,板中永和
269,8300,獨立套房,1,6.0,5,板中永和
270,17800,獨立套房,1,10.0,4,板中永和
271,11000,獨立套房,1,7.0,1,板中永和
272,14500,獨立套房,1,8.0,3,板中永和
273,4500,雅房,1,4.0,2,板中永和
274,12500,分租套房,1,6.0,4,板中永和
275,8500,獨立套房,1,6.0,5,板中永和
276,7000,雅房,1,4.0,5,板中永和
277,7500,獨立套房,1,6.0,4,板中永和
278,8900,獨立套房,1,7.0,4,板中永和
279,19000,獨立套房,1,14.7,13,板中永和
280,14500,分租套房,1,8.0,3,板中永和
281,7500,分租套房,1,6.0,2,板中永和
282,5800,雅房,1,6.0,1,板中永和
283,8200,獨立套房,1,6.0,3,板中永和
284,10300,分租套房,1,9.0,11,板中永和
285,13200,分租套房,1,7.0,頂樓加蓋,板中永和
286,16500,獨立套房,1,25.0,3,板中永和
287,8500,獨立套房,1,6.0,2,板中永和
288,7500,獨立套房,1,8.0,頂樓加蓋,板中永和
289,8000,獨立套房,1,8.0,5,板中永和
290,6500,獨立套房,1,6.0,3,板中永和
291,6000,獨立套房,1,4.5,5,板中永和
292,8800,獨立套房,1,6.0,5,板中永和
293,7300,分租套房,1,5.0,頂樓加蓋,板中永和
294,7700,獨立套房,1,7.5,4,板中永和
295,7500,分租套房,1,5.0,2,板中永和
296,9500,獨立套房,1,7.0,5,板中永和
297,6000,分租套房,1,6.0,2,板中永和
298,8300,獨立套房,1,7.0,2,板中永和
299,7700,獨立套房,1,7.5,4,板中永和
300,10000,分租套房,1,7.0,3,板中永和
301,6000,分租套房,1,6.0,2,板中永和
302,7000,分租套房,1,4.0,4,板中永和
303,6000,分租套房,1,6.0,頂樓加蓋,板中永和
304,6500,獨立套房,1,6.0,5,板中永和
305,8000,雅房,1,8.0,5,板中永和
306,7500,獨立套房,1,7.0,4,板中永和
307,10000,獨立套房,1,7.0,1,板中永和
308,15900,獨立套房,1,17.0,2,板中永和
309,25888,整層住家,2,25.0,5,板中永和
310,23800,整層住家,2,19.0,2,板中永和
311,23800,整層住家,2,19.0,2,板中永和
312,22800,整層住家,2,20.0,頂樓加蓋,板中永和
313,24800,整層住家,2,15.0,4,板中永和
314,32000,整層住家,2,30.0,3,板中永和
315,24800,整層住家,2,16.0,3,板中永和
316,24000,整層住家,3,25.0,2,板中永和
317,20000,整層住家,3,28.0,4,板中永和
318,18500,整層住家,2,26.0,5,板中永和
319,23000,整層住家,4,35.0,3,板中永和
320,26000,整層住家,4,36.0,4,板中永和
321,24800,整層住家,2,18.0,2,板中永和
322,14800,整層住家,2,22.0,頂樓加蓋,板中永和
323,9000,整層住家,2,10.0,5,板中永和
326,35000,整層住家,3,30.0,4,板中永和
327,22000,整層住家,3,28.1,2,板中永和
328,28000,整層住家,4,47.0,3,板中永和
329,15000,整層住家,2,17.5,4,板中永和
330,28000,整層住家,2,22.4,7,板中永和
331,17500,整層住家,2,18.0,4,板中永和
332,20500,整層住家,2,25.0,3,板中永和
333,30800,整層住家,3,34.2,4,板中永和
334,30800,整層住家,3,34.9,13,板中永和
335,20500,整層住家,2,25.0,3,板中永和
336,18000,整層住家,2,12.0,2,板中永和
337,33000,整層住家,3,27.5,11,板中永和
338,23999,整層住家,3,25.0,4,板中永和
339,17500,整層住家,2,18.0,4,板中永和
340,31000,整層住家,4,47.1,7,板中永和
343,28800,整層住家,2,16.0,4,板中永和
346,33800,整層住家,3,18.0,4,板中永和
347,32800,整層住家,2,25.0,5,板中永和
348,45000,整層住家,3,50.4,22,板中永和
350,45000,整層住家,3,50.4,22,板中永和
351,35000,整層住家,3,40.0,1,板中永和
352,25000,整層住家,2,27.5,3,板中永和
353,30000,整層住家,2,26.7,12,板中永和
354,21000,整層住家,2,24.0,2,板中永和
355,26000,整層住家,2,22.0,5,板中永和
356,19800,整層住家,2,20.0,5,板中永和
357,22000,整層住家,2,21.6,3,板中永和
358,10500,獨立套房,1,8.0,5,板中永和
359,14000,獨立套房,1,9.0,6,板中永和
360,10500,獨立套房,1,8.0,4,板中永和
361,8600,獨立套房,1,8.0,4,板中永和
362,11000,獨立套房,1,7.0,4,板中永和
363,5500,雅房,1,6.0,5,板中永和
364,8500,雅房,1,4.0,2,板中永和
365,18000,獨立套房,1,12.0,5,板中永和
366,15888,獨立套房,1,8.0,4,板中永和
367,18000,獨立套房,1,15.0,5,板中永和
368,10000,獨立套房,1,7.0,5,板中永和
369,12400,獨立套房,1,12.0,5,板中永和
370,7200,獨立套房,1,6.0,5,板中永和
371,6200,獨立套房,1,5.0,6,板中永和
372,6600,獨立套房,1,5.0,2,板中永和
373,9800,獨立套房,1,9.0,6,板中永和
374,6800,分租套房,1,12.0,3,板中永和
375,4500,雅房,1,4.0,3,板中永和
376,14800,獨立套房,1,10.0,12,板中永和
377,8000,雅房,1,8.0,5,板中永和
378,4500,雅房,1,4.0,3,板中永和
379,14800,獨立套房,1,10.0,12,板中永和
380,10000,分租套房,1,7.0,2,板中永和
381,6000,分租套房,1,7.0,頂樓加蓋,板中永和
382,19000,獨立套房,1,12.0,5,板中永和
383,20000,獨立套房,1,12.0,5,板中永和
384,11000,獨立套房,1,11.0,4,板中永和
385,9300,分租套房,1,8.0,4,板中永和
386,8000,獨立套房,1,4.0,3,板中永和
387,21500,獨立套房,1,15.0,4,板中永和
388,13900,獨立套房,1,8.0,2,板中永和
389,15800,獨立套房,1,14.0,2,板中永和
390,9500,獨立套房,1,6.0,5,板中永和
391,13000,獨立套房,1,8.0,4,板中永和
392,8500,獨立套房,1,6.0,4,板中永和
393,3800,雅房,1,2.0,2,板中永和
394,3800,雅房,1,2.0,2,板中永和
395,10000,獨立套房,1,8.0,5,板中永和
396,9900,獨立套房,1,8.0,4,板中永和
397,17998,獨立套房,1,10.0,2,板中永和
398,7500,分租套房,1,6.0,4,板中永和
399,13500,獨立套房,1,10.0,1,板中永和
400,7000,獨立套房,1,5.0,5,板中永和
401,7500,分租套房,1,7.0,5,板中永和
402,14500,獨立套房,1,11.0,5,板中永和
403,7500,獨立套房,1,5.0,2,板中永和
404,14500,獨立套房,1,11.0,5,板中永和
405,7300,分租套房,1,7.0,5,板中永和
406,9500,分租套房,1,6.0,5,板中永和
407,11000,獨立套房,1,10.0,5,板中永和
408,9000,獨立套房,1,6.0,4,板中永和
409,25000,整層住家,3,38.5,9,板中永和
410,25000,整層住家,3,38.5,9,板中永和
411,21800,整層住家,2,16.0,5,板中永和
412,28400,整層住家,3,28.0,5,板中永和
414,35000,整層住家,4,48.0,20,板中永和
415,17500,整層住家,1,15.0,5,板中永和
416,28000,整層住家,2,22.0,8,板中永和
417,27000,整層住家,3,37.0,3,板中永和
418,27000,整層住家,2,24.0,8,板中永和
419,28000,整層住家,2,30.0,5,板中永和
420,16800,整層住家,1,10.0,5,板中永和
421,23000,整層住家,2,27.6,3,板中永和
422,30000,整層住家,3,35.4,8,板中永和
423,40800,整層住家,3,42.8,8,板中永和
424,34000,整層住家,2,21.0,27,板中永和
425,22000,整層住家,2,18.0,4,板中永和
426,32000,整層住家,2,30.4,4,板中永和
427,21000,整層住家,2,15.0,4,板中永和
428,19000,整層住家,2,15.1,2,板中永和
429,25000,整層住家,3,21.9,4,板中永和
430,35000,整層住家,2,38.0,2,板中永和
431,22000,整層住家,2,17.0,5,板中永和
432,36000,整層住家,3,28.6,2,板中永和
433,19000,整層住家,2,24.0,3,板中永和
434,23000,整層住家,2,22.1,9,板中永和
435,7500,分租套房,1,6.0,2,板中永和
436,10500,分租套房,1,8.0,2,板中永和
437,8600,分租套房,1,4.9,4,板中永和
438,6000,獨立套房,1,7.0,頂樓加蓋,板中永和
439,11000,獨立套房,1,5.0,5,板中永和
440,11000,獨立套房,1,5.0,5,板中永和
441,15000,獨立套房,1,8.0,3,板中永和
442,15000,獨立套房,1,8.0,3,板中永和
443,8000,分租套房,1,8.0,6,板中永和
444,8500,分租套房,1,6.0,5,板中永和
445,15500,獨立套房,1,10.0,11,板中永和
446,16200,獨立套房,1,8.5,3,板中永和
447,19000,獨立套房,1,10.0,1,板中永和
448,8000,雅房,1,3.0,4,板中永和
449,16800,獨立套房,1,15.0,1,板中永和
450,19000,獨立套房,1,10.0,1,板中永和
451,8000,雅房,1,3.0,4,板中永和
452,13000,獨立套房,1,9.0,5,板中永和
453,18800,獨立套房,1,10.8,7,板中永和
454,11000,分租套房,1,5.0,5,板中永和
455,5800,雅房,1,7.0,6,板中永和
456,5000,雅房,1,3.5,4,板中永和
457,12000,分租套房,1,5.0,2,板中永和
458,17000,獨立套房,1,12.0,3,板中永和
459,8000,分租套房,1,4.0,5,板中永和
460,6300,雅房,1,5.0,1,板中永和
461,11800,獨立套房,1,6.0,2,板中永和
462,10800,分租套房,1,10.0,1,板中永和
463,8500,分租套房,1,7.0,5,板中永和
464,7600,分租套房,1,6.0,5,板中永和
465,8500,獨立套房,1,6.0,3,板中永和
466,8200,獨立套房,1,9.0,6,板中永和
467,6500,獨立套房,1,8.0,6,板中永和
468,8700,獨立套房,1,7.0,4,板中永和
469,8000,分租套房,1,4.0,4,板中永和
470,6500,獨立套房,1,8.0,6,板中永和
471,8500,分租套房,1,5.5,2,板中永和
472,14200,獨立套房,1,8.0,8,板中永和
473,5000,雅房,1,5.0,3,板中永和
474,6500,獨立套房,1,6.0,4,板中永和
475,28000,整層住家,3,50.0,2,板中永和
476,22000,整層住家,3,29.0,3,板中永和
477,30000,整層住家,3,43.0,3,板中永和
478,30000,整層住家,3,43.0,3,板中永和
479,22000,整層住家,3,29.0,3,板中永和
480,22000,整層住家,3,29.0,3,板中永和
481,21000,整層住家,2,23.5,頂樓加蓋,板中永和
482,20000,整層住家,2,14.0,4,板中永和
483,34800,整層住家,4,30.0,2,板中永和
484,25000,整層住家,1,19.0,15,板中永和
485,32000,整層住家,2,24.0,9,板中永和
486,21159,整層住家,2,18.0,3,板中永和
487,23500,整層住家,2,17.0,2,板中永和
488,9800,分租套房,1,8.0,4,新店深坑
489,12500,獨立套房,1,8.0,5,新店深坑
490,12500,獨立套房,1,8.0,5,新店深坑
491,18888,獨立套房,1,11.0,4,新店深坑
492,9500,獨立套房,1,5.0,2,新店深坑
493,11800,分租套房,1,8.0,2,新店深坑
494,7000,雅房,1,7.0,5,新店深坑
495,17000,獨立套房,1,11.4,9,新店深坑
496,6800,雅房,1,4.0,4,新店深坑
497,8600,獨立套房,1,6.0,1,新店深坑
498,3500,雅房,1,2.0,2,新店深坑
499,27800,獨立套房,1,20.1,5,新店深坑
500,9500,分租套房,1,8.0,2,新店深坑
501,9500,分租套房,1,8.0,2,新店深坑
502,34000,整層住家,4,46.3,1,新店深坑
503,24000,整層住家,3,39.0,12,新店深坑
504,35000,整層住家,3,45.0,3,新店深坑
505,29800,整層住家,3,30.0,8,新店深坑
506,42000,整層住家,4,45.5,9,新店深坑
507,30000,整層住家,3,35.0,1,新店深坑
508,23000,整層住家,2,26.0,4,新店深坑
509,30000,整層住家,3,36.1,4,新店深坑
510,18600,整層住家,3,20.0,4,新店深坑
511,18600,整層住家,3,20.0,4,新店深坑
512,30000,整層住家,3,31.0,7,新店深坑
513,5500,獨立套房,1,5.0,2,新店深坑
514,8000,獨立套房,1,6.0,1,汐止
515,8000,獨立套房,1,7.0,5,汐止
516,7500,獨立套房,1,5.0,5,汐止
517,7800,獨立套房,1,6.0,2,汐止
518,28000,獨立套房,1,26.0,11,汐止
519,8000,分租套房,1,5.0,2,汐止
520,13500,獨立套房,1,12.2,15,汐止
521,8300,分租套房,1,5.0,2,汐止
522,8200,雅房,1,10.0,3,汐止
523,7000,獨立套房,1,7.0,4,汐止
524,6500,獨立套房,1,5.0,1,汐止
525,13800,分租套房,1,8.0,5,汐止
526,21000,整層住家,3,34.0,1,汐止
528,50000,整層住家,4,31.3,10,汐止
529,48500,整層住家,3,39.9,4,汐止
530,25000,整層住家,3,32.0,8,汐止
531,16000,整層住家,2,21.0,4,汐止
532,28000,整層住家,3,30.1,4,汐止
533,26500,整層住家,2,17.0,13,汐止
534,5000,獨立套房,1,5.0,2,林口
535,5500,雅房,1,2.5,7,林口
536,12000,獨立套房,1,12.0,3,林口
537,18800,分租套房,1,15.0,3,林口
538,30000,整層住家,3,30.0,12,林口
539,30000,整層住家,3,30.0,12,林口
541,37000,整層住家,2,22.0,8,林口
542,38000,整層住家,3,30.8,10,林口
544,9500,獨立套房,1,9.0,8,樹鶯土峽
545,9500,獨立套房,1,9.0,8,樹鶯土峽
546,13000,分租套房,1,8.0,1,樹鶯土峽
547,22800,整層住家,3,43.9,6,樹鶯土峽
548,32000,整層住家,3,26.0,6,樹鶯土峽
549,22000,整層住家,2,30.0,13,樹鶯土峽
550,24800,整層住家,3,41.2,3,樹鶯土峽
551,7900,分租套房,1,6.0,3,樹鶯土峽
552,7000,雅房,1,6.0,1,樹鶯土峽
553,7900,分租套房,1,6.0,3,樹鶯土峽
554,9600,分租套房,1,8.0,5,樹鶯土峽
555,17800,獨立套房,1,15.0,14,樹鶯土峽
556,12000,獨立套房,1,6.0,6,樹鶯土峽
557,12000,獨立套房,1,6.0,5,樹鶯土峽
558,9000,分租套房,1,8.0,4,樹鶯土峽
559,22000,整層住家,3,26.5,3,樹鶯土峽
560,22000,整層住家,3,26.5,3,樹鶯土峽
561,33500,整層住家,3,34.0,17,樹鶯土峽
562,33500,整層住家,3,34.0,17,樹鶯土峽
563,35000,整層住家,3,36.0,10,樹鶯土峽
564,18000,整層住家,2,25.0,4,樹鶯土峽
565,18000,整層住家,3,27.0,2,樹鶯土峽
566,24980,整層住家,3,42.0,2,樹鶯土峽
567,15000,整層住家,2,25.0,5,樹鶯土峽
568,32000,整層住家,3,37.4,23,樹鶯土峽
569,28000,整層住家,3,28.7,4,樹鶯土峽
570,19000,整層住家,3,26.0,3,樹鶯土峽
571,7500,獨立套房,1,8.0,3,樹鶯土峽
572,22000,整層住家,2,35.6,7,樹鶯土峽
573,22000,整層住家,2,35.6,7,樹鶯土峽
574,20500,整層住家,3,32.0,8,樹鶯土峽
